1.0000000 0.0000000 0.0000000 1.0000000 0.0000 0.0000 cm
/GS8 gs
q
0.0000 0.0000 283.4646 283.4646 re W*
n
q
/GS9 gs
0.8706 0.7529 0.5686 0.7608 k
65.6249 172.3300 m
65.3428 169.8177 65.0679 167.4363 64.8096 165.0538 c
64.5579 162.7353 64.3195 160.4140 64.0780 158.0947 c
63.9196 156.5702 63.7495 155.0475 63.6131 153.5204 c
63.3285 150.3320 63.1018 147.1382 62.7783 143.9538 c
62.4424 140.6367 61.9985 137.3315 61.6433 134.0169 c
61.4455 132.1611 61.3604 130.2936 61.1753 128.4364 c
60.9840 126.5136 60.7272 124.5977 60.5112 122.6764 c
60.3391 121.1522 60.1637 119.6269 60.0299 118.0973 c
59.8558 116.1011 59.7614 114.0973 59.5607 112.1040 c
59.3799 110.3176 59.0876 108.5434 58.8713 106.7610 c
58.6933 105.3045 58.5357 103.8461 58.4048 102.3846 c
58.2384 100.5225 58.1374 98.6536 57.9526 96.7924 c
57.7559 94.8056 57.4900 92.8256 57.2661 90.8413 c
57.0929 89.3143 56.9120 87.7890 56.7782 86.2583 c
56.6118 84.3304 56.5319 82.3946 56.3369 80.4711 c
56.1467 78.6163 55.8439 76.7738 55.6183 74.9220 c
55.4587 73.5990 55.3329 72.2718 55.2110 70.9458 c
55.0446 69.1512 54.9187 67.3534 54.7339 65.5603 c
54.5162 63.4425 54.2373 61.3298 54.0170 59.2106 c
53.8308 57.4214 53.7077 55.6262 53.5283 53.8373 c
53.3276 51.8596 53.0943 49.8847 52.8542 47.7196 c
47.0565 47.6461 41.3963 47.7011 35.6335 47.8023 c
35.5524 48.1652 35.3991 48.4824 35.4277 48.7811 c
35.6309 50.7705 35.8855 52.7547 36.1001 54.7415 c
36.2877 56.4647 36.4382 58.1924 36.6191 59.9159 c
37.0006 63.5632 37.4040 67.2092 37.7700 70.8591 c
37.9559 72.7163 38.0475 74.5838 38.2391 76.4419 c
38.4369 78.3618 38.7252 80.2740 38.9336 82.1942 c
39.1289 83.9871 39.2519 85.7889 39.4424 87.5818 c
39.6689 89.6998 39.9572 91.8108 40.1734 93.9288 c
40.3637 95.7861 40.4841 97.6510 40.6491 99.5108 c
40.7724 100.9054 40.8954 102.2995 41.0556 103.6902 c
41.4235 106.8724 41.8207 110.0503 42.1931 113.2296 c
42.3570 114.6203 42.5049 116.0118 42.6322 117.4068 c
42.9231 120.5938 43.1563 123.7890 43.4894 126.9740 c
43.8154 130.0890 44.2570 133.1909 44.6057 136.3039 c
44.8064 138.0923 44.9127 139.8932 45.0791 141.6875 c
45.2455 143.4804 45.4263 145.2730 45.6134 147.0645 c
45.8297 149.1188 46.0517 151.1694 46.2875 153.2203 c
46.5140 155.2051 46.7654 157.1865 46.9962 159.1707 c
47.1651 160.6317 47.3383 162.0935 47.4707 163.5585 c
47.7604 166.7483 47.9948 169.9435 48.3120 173.1308 c
48.4838 174.8503 48.8154 176.5539 49.0122 178.2706 c
49.2151 180.0609 49.3211 181.8621 49.5113 183.6536 c
49.7290 185.7087 49.9910 187.7581 50.2308 189.8118 c
50.3867 191.1342 50.5664 192.4554 50.6803 193.7829 c
50.8504 195.7774 50.9360 197.7800 51.1260 199.7722 c
51.3422 202.0221 51.6331 204.2634 51.9177 206.7324 c
52.4288 206.2908 52.7760 206.0195 53.0892 205.7131 c
59.9477 199.0210 66.7964 192.3177 73.6611 185.6333 c
77.6466 181.7532 81.6517 177.8933 85.6636 174.0404 c
91.3700 168.5580 97.0954 163.0970 102.8015 157.6137 c
106.8094 153.7617 110.7833 149.8720 114.7989 146.0268 c
122.3923 138.7531 130.0025 131.4964 137.6118 124.2400 c
138.9186 122.9936 140.2515 121.7747 141.7323 120.3934 c
143.0994 121.7316 144.4541 123.0891 145.8448 124.4100 c
150.1160 128.4718 154.4119 132.5044 158.6727 136.5749 c
161.0436 138.8395 163.3411 141.1815 165.7106 143.4475 c
169.9214 147.4753 174.1703 151.4605 178.3848 155.4840 c
180.2276 157.2426 182.0064 159.0698 183.8463 160.8327 c
189.2667 166.0260 194.7305 171.1780 200.1288 176.3969 c
207.0731 183.1079 213.9710 189.8694 220.8883 196.6082 c
224.1490 199.7824 227.4097 202.9555 230.6744 206.1232 c
230.8552 206.2973 231.0752 206.4314 231.4395 206.7049 c
231.7450 203.6761 232.0152 200.8321 232.3259 197.9909 c
232.5274 196.1382 232.8001 194.2926 233.0215 192.4410 c
233.2035 190.9165 233.3778 189.3912 233.5167 187.8616 c
233.8081 184.6689 234.0269 181.4700 234.3597 178.2825 c
234.6857 175.1700 235.1472 172.0718 235.4905 168.9605 c
235.7014 167.0380 235.7898 165.1022 235.9587 163.1755 c
236.0633 161.9819 236.2116 160.7916 236.3491 159.6016 c
236.5877 157.5479 236.8536 155.4970 237.0696 153.4422 c
237.2573 151.6479 237.3687 149.8473 237.5586 148.0527 c
237.7749 145.9981 238.0448 143.9495 238.2846 141.8958 c
238.4459 140.5066 238.6162 139.1165 238.7395 137.7230 c
238.9059 135.8620 238.9952 133.9929 239.1823 132.1336 c
239.3841 130.1454 239.6911 128.1691 239.8980 126.1809 c
240.0919 124.3225 240.2048 122.4550 240.3740 120.5926 c
240.4879 119.3335 240.6280 118.0763 240.7762 116.8209 c
240.9883 115.0330 241.2241 113.2495 241.4421 111.4631 c
241.6187 110.0061 241.8103 108.5496 241.9506 107.0898 c
242.2451 103.9669 242.4866 100.8397 242.7985 97.7193 c
242.9776 95.9304 243.2716 94.1533 243.4776 92.3658 c
243.6738 90.6409 243.8104 88.9095 243.9964 87.1821 c
244.3697 83.7351 244.7600 80.2899 245.1393 76.8433 c
245.2989 75.3860 245.4653 73.9295 245.5965 72.4697 c
245.8823 69.2770 246.0957 66.0779 246.4302 62.8906 c
246.7443 59.9142 247.2137 56.9554 247.5465 53.9804 c
247.7679 51.9987 247.8691 50.0026 248.0406 47.7853 c
242.1130 47.6186 236.3292 47.7493 230.5434 47.7666 c
230.3099 49.4546 230.0584 50.8895 229.9221 52.3352 c
229.6151 55.5871 229.3937 58.8478 229.0808 62.0989 c
228.9220 63.7529 228.6244 65.3924 228.4174 67.0411 c
228.2289 68.5619 228.0557 70.0832 227.9169 71.6088 c
227.7505 73.4695 227.6626 75.3386 227.4752 77.1982 c
227.2799 79.1181 226.9928 81.0289 226.7714 82.9477 c
226.5894 84.5388 226.4437 86.1338 226.2787 87.7260 c
225.8957 91.3734 225.4924 95.0193 225.1304 98.6683 c
224.9391 100.5919 224.8475 102.5263 224.6508 104.4490 c
224.4489 106.4384 224.1635 108.4201 223.9328 110.4069 c
223.7649 111.8628 223.6051 113.3215 223.4806 114.7816 c
223.3179 116.6451 223.2312 118.5151 223.0415 120.3749 c
222.8448 122.2963 222.5540 124.2074 222.3207 126.1247 c
222.1594 127.4482 222.0009 128.7757 221.8842 130.1049 c
221.7166 132.0352 221.6288 133.9722 221.4334 135.8989 c
221.2330 137.8857 220.9303 139.8620 220.6981 141.8445 c
220.5266 143.3010 220.3773 144.7594 220.2528 146.2209 c
220.0941 148.0833 220.0062 149.9522 219.8228 151.8117 c
219.6326 153.7356 219.3511 155.6490 219.1292 157.5692 c
218.9472 159.1600 218.7876 160.7536 218.6314 162.3458 c
218.3193 165.5257 218.0183 168.7065 217.6920 172.0913 c
217.2410 171.7707 216.8620 171.5647 216.5621 171.2764 c
212.2055 167.1075 207.8768 162.9094 203.5063 158.7549 c
198.5088 154.0057 193.4844 149.2852 188.4591 144.5641 c
183.9665 140.3442 179.4478 136.1529 174.9603 131.9264 c
170.5714 127.7929 166.2242 123.6132 161.8285 119.4863 c
156.0214 114.0330 150.1792 108.6165 144.3651 103.1700 c
143.4883 102.3483 142.6799 101.4531 141.7167 100.4661 c
141.1191 100.9638 140.5423 101.3888 140.0287 101.8800 c
136.2056 105.5432 132.4103 109.2351 128.5767 112.8878 c
123.4366 117.7877 118.2784 122.6684 113.1109 127.5412 c
106.3837 133.8854 99.6316 140.2041 92.9047 146.5498 c
89.2505 149.9964 85.6335 153.4827 81.9899 156.9413 c
76.7424 161.9240 71.4869 166.8974 66.2329 171.8728 c
66.0977 172.0012 65.9353 172.0996 65.6249 172.3300 c
f
/GS9 gs
0.8706 0.7529 0.5686 0.7608 k
219.7341 47.8052 m
202.1658 47.8052 l
199.8499 70.8018 197.5422 93.6726 195.2147 116.7661 c
194.7679 116.4280 194.4230 116.2026 194.1148 115.9288 c
189.4090 111.6561 184.7024 107.3798 179.9949 103.0997 c
175.9348 99.4102 171.8802 95.7146 167.8181 92.0265 c
166.4277 90.7659 165.0189 89.5300 163.6296 88.2731 c
160.7987 85.7163 157.9853 83.1396 155.1450 80.5907 c
151.5135 77.3325 147.8492 74.1073 144.2296 70.8423 c
143.4362 70.1243 142.7508 69.2946 141.8692 68.3614 c
138.1771 71.7077 134.5045 75.0413 130.8407 78.3587 c
208.4511 149.5962 l
208.6319 149.7614 208.8694 149.8620 209.2731 150.1109 c
209.4489 148.4073 209.5994 146.8936 209.7711 145.3876 c
209.9925 143.4665 210.2508 141.5506 210.4722 139.6290 c
210.6414 138.1717 210.7945 136.7107 210.9231 135.2531 c
211.0921 133.3922 211.2007 131.5273 211.3869 129.6677 c
211.5873 127.6101 211.8574 125.5603 212.0751 123.5027 c
212.2597 121.7112 212.4000 119.9143 212.5902 118.1225 c
212.8246 115.9407 213.1050 113.7626 213.3306 111.5762 c
213.5126 109.7836 213.6334 107.9881 213.7986 106.1923 c
213.9517 104.5293 214.1206 102.8701 214.2938 101.2110 c
214.5220 99.0249 214.7564 96.8428 215.0067 94.6596 c
215.3724 91.4131 215.7746 88.1685 216.1261 84.9234 c
216.3266 83.0619 216.4314 81.1987 216.6214 79.3389 c
216.8062 77.4816 217.0431 75.6326 217.2569 73.7810 c
217.4258 72.3234 217.6240 70.8661 217.7527 69.4035 c
217.9372 67.3472 218.0341 65.2765 218.2388 63.2188 c
218.4287 61.2989 218.7116 59.3855 218.9412 57.4696 c
219.1062 56.0801 219.2545 54.6860 219.3985 53.2925 c
219.5478 51.9007 219.7015 50.5074 219.8180 49.1094 c
219.8546 48.7230 219.7735 48.3242 219.7341 47.8052 c
f
/GS9 gs
q
63.5817 48.0022 m
81.1431 48.0022 l
83.4066 70.9894 85.6607 93.8985 87.9398 117.0445 c
97.1141 108.7931 106.0886 100.7476 115.0322 92.6745 c
120.3029 87.9194 125.5623 83.1504 130.8402 78.3590 c
208.4508 149.5964 l
206.8166 148.1102 205.1969 146.6079 203.5570 145.1262 c
200.8797 142.6989 198.1783 140.2977 195.5129 137.8576 c
193.1448 135.6871 190.8224 133.4605 188.4580 131.2826 c
183.7270 126.9300 178.9801 122.5919 174.2437 118.2436 c
172.4204 116.5725 170.6162 114.8743 168.7813 113.2109 c
164.8653 109.6594 160.9191 106.1388 157.0096 102.5756 c
154.6333 100.4094 152.3191 98.1746 149.9587 95.9924 c
147.2173 93.4634 144.4541 90.9590 141.5673 88.3244 c
134.9186 94.4133 128.2989 100.4825 121.6752 106.5467 c
116.4368 111.3460 111.1867 116.1334 105.9548 120.9382 c
102.7990 123.8369 99.6656 126.7648 96.5214 129.6760 c
90.1219 135.5902 83.7278 141.5100 77.3101 147.4013 c
76.3597 148.2752 75.4724 149.2662 74.2561 149.8691 c
70.6941 115.8885 67.1465 82.0363 63.5817 48.0022 c
W*
n
/Sh10 sh
Q
/GS9 gs
0.8706 0.7529 0.5686 0.7608 k
142.1118 235.5786 m
142.1118 201.7698 142.1118 167.9598 142.1031 134.1496 c
142.1031 133.9163 141.9678 133.6830 141.8355 133.2581 c
139.4609 135.4442 137.1674 137.4574 134.9875 139.5870 c
132.8332 141.6957 130.7940 143.9223 128.4389 146.3743 c
128.4389 208.4984 l
124.5555 205.2938 120.9294 202.2990 117.3410 199.3360 c
117.3410 156.0688 l
114.1118 158.7226 111.4529 161.4711 108.7330 164.1538 c
105.9690 166.8798 103.1803 169.5796 100.3192 172.3708 c
100.3192 201.2916 l
113.9074 212.8073 127.7549 224.3245 141.6546 235.7790 c
141.8066 235.7121 141.9602 235.6452 142.1118 235.5786 c
f
/GS9 gs
q
145.8465 135.8841 m
151.7610 141.5679 157.5377 147.1192 163.2481 152.6083 c
163.2481 221.7132 l
157.4303 226.2753 151.7584 230.7260 145.8465 235.3629 c
h
W*
n
/Sh14 sh
Q
/GS9 gs
q
185.5355 174.1014 m
185.5355 189.2426 l
179.5530 193.6956 173.5807 198.1426 167.3317 202.7940 c
167.3317 156.7023 l
173.5503 162.6469 179.5397 168.3717 185.5355 174.1014 c
W*
n
/Sh18 sh
Q
Q
Q
